# Created by Octave 4.0.1, Tue Sep 08 12:23:46 2020 Mitteleuropäische Sommerzeit <unknown@zam154>
# name: Z
# type: matrix
# rows: 20
# columns: 20
 -0.1282053710380057 -0.1286694925866069 -0.1290536861829719 -0.129371043433694 -0.1296323048286464 -0.1298459910951243 -0.1300178690597635 -0.1301503746235858 -0.1302424346451873 -0.1302902822080243 -0.130290282313362 -0.1302424349539339 -0.1301503751169784 -0.1300178697134207 -0.1298459918832668 -0.1296323057259556 -0.129371044416338 -0.1290536872294892 -0.1286694936781004 -0.1282053721575406
 -0.1280366893024568 -0.1285543583449756 -0.1289781694109635 -0.1293256108684561 -0.1296094862493816 -0.1298389813658063 -0.1300201127050206 -0.1301560041905903 -0.1302473782223559 -0.1302935043891797 -0.1302935044827202 -0.1302473784986599 -0.1301560046376646 -0.1300201133054879 -0.1298389820993974 -0.129609487094914 -0.1293256118051691 -0.1289781704192819 -0.1285543594067236 -0.1280366904005582
 -0.128032144371442 -0.1285433290697203 -0.1289631154505385 -0.1293082486872755 -0.1295912007816801 -0.1298210152975812 -0.1300035453249857 -0.1301415588635752 -0.1302351327079835 -0.1302826872671975 -0.1302826873607547 -0.1302351329842329 -0.1301415593103701 -0.1300035459250349 -0.1298210160310875 -0.1295912016282961 -0.1293082496273678 -0.1289631164659067 -0.1285433301437916 -0.1280321454889303
 -0.1281825857732507 -0.128630609857378 -0.1290044552127027 -0.1293155743163922 -0.1295742622161803 -0.1297891931380049 -0.1299660873593839 -0.1301066329628537 -0.1302077973407444 -0.1302621030147142 -0.1302621031205444 -0.1302077976499993 -0.1301066334552928 -0.1299660880105361 -0.1297891939236885 -0.1295742631138216 -0.1293155753056429 -0.1290044562762472 -0.1286306109811461 -0.1281825869459573
 -0.1284236903355327 -0.1287752708007966 -0.1290739812610866 -0.1293241266957282 -0.1295347058298899 -0.1297191441295186 -0.1298854524717692 7.294111039593456e-006 2.845459237279841e-006 0 0 2.845504855372152e-006 7.294188791345541e-006 -0.1298854532357087 -0.1297191450246529 -0.1295347068306474 -0.1293241277775603 -0.1290739824072911 -0.1287752720014648 -0.128423691585189
 -0.1286741538233175 -0.1289261350824692 -0.129139302939961 -0.1293078918563978 -0.1294263727970189 0 0 0 0 0 0 0 0 0 0 -0.1294263739711269 -0.1293078930688278 -0.1291393041912258 -0.1289261363726625 -0.1286741551532556
 -0.1288745416715153 -0.1290469754506139 -0.1291873283232455 -0.1292855006461724 0 0 0 0 0 0 0 0 0 0 0 0 -0.1292855019874514 -0.1291873296790036 -0.1290469768278613 -0.1288745430743539
 -0.1289992272341088 -0.1291192769688383 0 0 0 0 0 0 0 0 0 0 0 0 0 0 0 0 -0.1291192784222638 -0.1289992287015686
 -0.1290461712724008 0 0 0 0 0 0 0 0 0 0 0 0 0 0 0 0 0 0 -0.1290461727965087
 0 0 0 0 0 0 0 0 0 0 0 0 0 0 0 0 0 0 0 0
 0 0 0 0 0 0 0 0 0 0 0 0 0 0 0 0 0 0 0 0
 0.1290461727775609 0 0 0 0 0 0 0 0 0 0 0 0 0 0 0 0 0 0 0.1290461712980452
 0.1289992286842376 0.1291192784054055 0 0 0 0 0 0 0 0 0 0 0 0 0 0 0 0 0.1291192769937863 0.1289992272588177
 0.1288745430588147 0.1290469768126223 0.1291873296640564 0.1292855019727955 0 0 0 0 0 0 0 0 0 0 0 0 0.12928550067013 0.1291873283469691 0.1290469754743563 0.1288745416953421
 0.1286741551395896 0.1289261363590672 0.1291393041777762 0.1293078930555855 0.1294263739580793 0 0 0 0 0 0 0 0 0 0 0.1294263728169504 0.129307891877297 0.12913930296165 0.1289261351048679 0.1286741538463469
 0.1284236915732377 0.1287752719893142 0.1290739823951664 0.1293241277656727 0.1295347068191997 0.1297191450139441 0.1298854532263143 -7.294183010679204e-006 -2.845499244257606e-006 0 0 -2.845452770908633e-006 -7.294103778708149e-006 0.129885452481297 0.1297191441420301 0.1295347058455284 0.1293241267137761 0.129073981280898 0.1287752708220209 0.1284236903579779
 0.1281825869351369 0.1286306109698669 0.1290044562649165 0.1293155752946397 0.1295742631035172 0.1297891939144752 0.1299660880028399 0.130106633449546 0.1302077976465827 0.1302621031197205 0.1302621030165742 0.1302077973452368 0.130106632969895 0.1299660873689432 0.129789193150077 0.1295742622306792 0.1293155743331083 0.129004455231389 0.128630609877839 0.1281825857953685
 0.1280321454781109 0.1285433301323618 0.1289631164544266 0.1293082496163347 0.1295912016181605 0.1298210160222614 0.1300035459178913 0.1301415593052335 0.1302351329813618 0.1302826873603231 0.1302826872692871 0.1302351327125951 0.1301415588706584 0.1300035453344654 0.129821015309368 0.1295912007956683 0.1293082487033486 0.1289631154685921 0.1285433290896895 0.1280321443933209
 0.1280366903881228 0.12855435939374 0.1289781704064024 0.1293256117929709 0.1296094870839039 0.1298389820900049 0.1300201132980593 0.1301560046324661 0.1302473784958828 0.1302935044824824 0.1302935043915202 0.1302473782272355 0.1301560041979065 0.1300201127146341 0.1298389813775691 0.1296094862631625 0.1293256108841603 0.1289781694285469 0.128554358364455 0.1280366893239169
 0.1282053721416172 0.1286694936619238 0.1290536872137478 0.129371044401683 0.129632305712977 0.1298459918724338 0.130017869705041 0.1301503751112331 0.1302424349509465 0.1302902823132171 0.1302902822107255 0.1302424346506142 0.1301503746315078 0.1300178690698986 0.129845991107202 0.1296323048424597 0.1293710434491332 0.1290536862000294 0.1286694926053649 0.1282053710586231


