# Created by Octave 4.0.1, Thu Aug 27 12:15:16 2020 Mitteleuropäische Sommerzeit <unknown@zam154>
# name: Z
# type: matrix
# rows: 20
# columns: 20
 7.168734759854217e-005 6.111820263561552e-005 5.067133907626985e-005 4.048056186531601e-005 3.023068602325986e-005 1.985203549834211e-005 1.016171569857296e-005 2.542063122072148e-006 -2.325491853064397e-006 -5.185425293386417e-006 -7.463218673044489e-006 -1.020714607188073e-005 -1.391973413185782e-005 -1.876636417284531e-005 -2.441942306014101e-005 -2.986724732456137e-005 -3.368719782185803e-005 -3.460329046551483e-005 -3.18981819947547e-005 -2.552856825170886e-005
 5.643290381266146e-005 4.55542446552416e-005 3.679844670467043e-005 2.976849433379699e-005 2.279020700358828e-005 1.448492559078131e-005 5.965781810216827e-006 5.903107473718375e-007 1.394755507160949e-007 2.395479357604243e-006 3.960608646453854e-006 3.431608704819014e-006 5.826776397953803e-007 -5.090317506245058e-006 -1.35528437692802e-005 -2.320627145271223e-005 -3.153866138213643e-005 -3.641606935747105e-005 -3.673637486636191e-005 -3.240207369951457e-005
 3.309411590577408e-005 2.212412592957687e-005 1.650499957494634e-005 1.54009629670576e-005 1.436021837477794e-005 8.078975091984925e-006 -2.332406154446112e-006 -7.128942164836562e-006 -2.60406861686202e-007 1.086111133545745e-005 1.715234684574649e-005 1.878004761995402e-005 1.786952947866737e-005 1.226130200905151e-005 2.926600617935695e-007 -1.510600232212771e-005 -2.912964637412818e-005 -3.843573361085188e-005 -4.178539949765283e-005 -3.935312669303603e-005
 2.119760010045374e-006 -9.676399133732758e-006 -1.091408798982023e-005 -1.230175314695663e-006 1.046455633633308e-005 6.751627588002553e-006 -1.644859382271324e-005 -2.858211743876187e-005 -4.988170853143591e-006 2.507531480559772e-005 3.298153103108631e-005 3.318173096147634e-005 3.774848475972324e-005 3.538332015622011e-005 1.77422175115879e-005 -6.854188633771783e-006 -2.817615424296132e-005 -4.184293666376624e-005 -4.752865391474285e-005 -4.634779655291217e-005
 -3.537040464839341e-005 -5.117455942887911e-005 -4.931214702497437e-005 -2.17977356797864e-005 2.207531080287354e-005 3.183816861698004e-005 -3.924013983532477e-005 -9.540930404724428e-005 -1.468219635878707e-005 6.941842200313558e-005 4.97759024637927e-005 3.38662003890803e-005 6.117624045341101e-005 7.296001196393202e-005 3.963302972295025e-005 -2.194776546784354e-006 -3.193784595399832e-005 -4.816767875395517e-005 -5.424839696467154e-005 -5.304461284831417e-005
 -7.632148944104798e-005 -0.0001036318525686557 -0.0001090878959238092 -6.378577140804856e-005 5.891620227510815e-005 0.0001642463670146092 -5.442307560850647e-005 -0.0003548971900194921 -0.2748964986919301 -0.2781877335455061 -0.2661722685747128 -0.2466024175433316 0.0001162622168992716 0.0001564328282245171 5.928238674758141e-005 -1.221151933387092e-005 -4.550265770751898e-005 -5.838862352675463e-005 -6.13427413612456e-005 -5.847622675935133e-005
 -0.0001130329320700535 -0.0001624421878837454 -0.000203245541627999 -0.0001872325402205548 3.880386713444415e-005 0.0006845212274790896 0.0001931629089047606 -0.2617652637194943 -0.2673633055393232 -0.2613128378789318 -0.2469909096158217 -0.2269992190287888 -0.2026277778044025 0.0003163323347352286 2.077648116303066e-005 -5.966304693629085e-005 -7.164617943218317e-005 -7.023930806765628e-005 -6.6336112376625e-005 -6.084271683586581e-005
 -0.0001310276168788483 -0.0002053072310960562 -0.0003128200438378401 -0.0004575911472226188 -0.0005118953974393607 0.0007506962043264773 -0.2180979154113887 -0.2344463707375071 -0.2340200145367085 -0.2205090930025784 -0.2030958704723417 -0.1841933094063352 -0.1636230678761789 -0.1413313583064609 -0.0002289815203282129 -0.0001470810038097471 -9.658391823566613e-005 -7.494958116716576e-005 -6.472025495397697e-005 -5.790963231249319e-005
 -0.0001138057258581675 -0.0001908487738450135 -0.0003373992856285651 -0.000670890421695993 -0.001562418278214693 -0.004304647566746422 -0.1664460232359328 -0.2006132378225005 -0.1850377115757047 -0.1551913600601802 -0.1356948388432668 -0.1207017566374329 -0.1064945909365728 -0.09184469858210834 -0.0005202085944410853 -0.0001583443138749692 -8.38802005580496e-005 -6.092424012829969e-005 -5.252142278076106e-005 -4.834494486902132e-005
 -5.777089310362183e-005 -9.517736112748263e-005 -0.0001699621854348268 -0.0003678145178659351 -0.001042113226256564 -0.04835496985782239 -0.07764363102492618 4.322156652715719e-006 5.263022547529459e-005 -0.05913268481774688 -0.04819296156571751 -0.04213631158220039 -0.03699751279358426 -0.03187809705231064 -0.02656568369504524 -2.862203088528376e-006 -2.658324659265477e-005 -2.769620804995098e-005 -3.060419224199071e-005 -3.324502920053955e-005
 1.61152465014638e-005 4.136338577637703e-005 0.0001091963655806545 0.0003064597770854304 0.0009870784175864105 0.04875539038417294 0.07804796859070566 2.846846102892318e-006 -1.534996320867732e-005 0.05924329720280143 0.04825347618362341 0.04213407066549728 0.03693150183777596 0.03175531904310194 0.02639911634792253 4.075226309495334e-005 3.556142181360372e-005 1.152039821857422e-005 -5.454381305833376e-006 -1.628805451236667e-005
 7.36621148141809e-005 0.000138398944912969 0.000277685197050738 0.0006101173403002415 0.001507314771514782 0.004261357051804341 0.1667975249138392 0.2008971967830978 0.1852307024583732 0.1553183427576218 0.1357590004936829 0.1207003100395967 0.1064294368074535 0.09172381603715117 0.0005800047599943874 0.0001895584098348763 8.806661591415229e-005 4.148602721575382e-005 1.447566568534161e-005 -2.122767468397662e-006
 9.387917697799704e-005 0.0001555840774517422 0.0002552366875229749 0.0003980511913540766 0.000456990513695887 -0.0007939144732020143 0.2184029784957562 0.2347074885805452 0.2342175077309762 0.2206397570200817 0.2031597581006433 0.1841910639973576 0.1635587384678493 0.1412137424746087 0.0002728020539032531 0.000166325839022254 9.209062488385264e-005 4.962255260569984e-005 2.315663186474518e-005 5.896162710717755e-006
 8.030284219663392e-005 0.000116804227264425 0.000148923787149311 0.0001296314849368662 -9.356856470594776e-005 -0.000730153940131514 -0.0002245070925766609 0.2619919238742331 0.2675408160859104 0.2614313948783707 0.2470467178339959 0.2269926702996262 0.2025634314022387 -0.0002750117044208639 3.15232934810269e-006 6.373812915344567e-005 5.611240200041541e-005 3.75153159167768e-005 2.053917295672921e-005 7.252441954314146e-006
 4.933554233789629e-005 6.342761302260963e-005 5.92584095432555e-005 9.054877787885196e-006 -0.0001131731670982054 -0.0002126129219999681 1.669587917350331e-005 0.0003315797791203416 0.2750386174248163 0.2782832045800377 0.2662128758408366 0.2465875347299571 -9.092688803353595e-005 -0.0001398838565626423 -5.587602339571208e-005 3.02058433883205e-007 1.837200295531406e-005 1.812438553936173e-005 1.160834900671565e-005 3.999046549131276e-006
 1.530573605593627e-005 1.771495041629433e-005 5.326854995021447e-006 -2.877266472717528e-005 -7.466273563701167e-005 -8.178584909638106e-005 -3.877705029596509e-006 6.237947371082102e-005 -6.449789241693771e-006 -7.917455462612158e-005 -5.138022633722637e-005 -3.191696956575473e-005 -6.075347099337473e-005 -7.878446422346233e-005 -5.503760465842399e-005 -2.439374810006182e-005 -5.605565290717662e-006 1.584779517799489e-006 1.896480389160346e-006 -9.045968684177311e-007
 -1.43053750693014e-005 -1.583274766609296e-005 -2.581297115230311e-005 -4.359633545175168e-005 -5.964624504628088e-005 -5.638687607421279e-005 -3.00759406751801e-005 -1.208186572372657e-005 -2.834273352664412e-005 -5.126658862966863e-005 -5.390092702957193e-005 -5.183436318971268e-005 -5.757503166734922e-005 -5.955007183992768e-005 -4.849675278202072e-005 -3.143182302395433e-005 -1.714796689219821e-005 -8.674774505277097e-006 -5.250048067372665e-006 -5.060316786220773e-006
